solid Dodecahedron
facet normal 1.110223e-16, -8.090170e-01, 5.000000e-01
    outer loop
        vertex 0.000000e+00 -5.000000e-01 1.309017e+00
        vertex -8.090170e-01 -8.090170e-01 8.090170e-01
        vertex -5.000000e-01 -1.309017e+00 0.000000e+00
    endloop
endfacet
facet normal 0.000000e+00, -1.309017e+00, 8.090170e-01
    outer loop
        vertex 0.000000e+00 -5.000000e-01 1.309017e+00
        vertex -5.000000e-01 -1.309017e+00 0.000000e+00
        vertex 5.000000e-01 -1.309017e+00 0.000000e+00
    endloop
endfacet
facet normal -1.110223e-16, -8.090170e-01, 5.000000e-01
    outer loop
        vertex 0.000000e+00 -5.000000e-01 1.309017e+00
        vertex 5.000000e-01 -1.309017e+00 0.000000e+00
        vertex 8.090170e-01 -8.090170e-01 8.090170e-01
    endloop
endfacet
facet normal 5.000000e-01, 0.000000e+00, 8.090170e-01
    outer loop
        vertex 0.000000e+00 -5.000000e-01 1.309017e+00
        vertex 8.090170e-01 -8.090170e-01 8.090170e-01
        vertex 1.309017e+00 0.000000e+00 5.000000e-01
    endloop
endfacet
facet normal 8.090170e-01, 0.000000e+00, 1.309017e+00
    outer loop
        vertex 0.000000e+00 -5.000000e-01 1.309017e+00
        vertex 1.309017e+00 0.000000e+00 5.000000e-01
        vertex 8.090170e-01 8.090170e-01 8.090170e-01
    endloop
endfacet
facet normal 5.000000e-01, -0.000000e+00, 8.090170e-01
    outer loop
        vertex 0.000000e+00 -5.000000e-01 1.309017e+00
        vertex 8.090170e-01 8.090170e-01 8.090170e-01
        vertex 0.000000e+00 5.000000e-01 1.309017e+00
    endloop
endfacet
facet normal -5.000000e-01, 0.000000e+00, 8.090170e-01
    outer loop
        vertex 0.000000e+00 -5.000000e-01 1.309017e+00
        vertex 0.000000e+00 5.000000e-01 1.309017e+00
        vertex -8.090170e-01 8.090170e-01 8.090170e-01
    endloop
endfacet
facet normal -8.090170e-01, 0.000000e+00, 1.309017e+00
    outer loop
        vertex 0.000000e+00 -5.000000e-01 1.309017e+00
        vertex -8.090170e-01 8.090170e-01 8.090170e-01
        vertex -1.309017e+00 0.000000e+00 5.000000e-01
    endloop
endfacet
facet normal -5.000000e-01, 0.000000e+00, 8.090170e-01
    outer loop
        vertex 0.000000e+00 -5.000000e-01 1.309017e+00
        vertex -1.309017e+00 0.000000e+00 5.000000e-01
        vertex -8.090170e-01 -8.090170e-01 8.090170e-01
    endloop
endfacet
facet normal -8.090170e-01, -5.000000e-01, 0.000000e+00
    outer loop
        vertex -8.090170e-01 -8.090170e-01 8.090170e-01
        vertex -1.309017e+00 0.000000e+00 5.000000e-01
        vertex -1.309017e+00 0.000000e+00 -5.000000e-01
    endloop
endfacet
facet normal -1.309017e+00, -8.090170e-01, -0.000000e+00
    outer loop
        vertex -8.090170e-01 -8.090170e-01 8.090170e-01
        vertex -1.309017e+00 0.000000e+00 -5.000000e-01
        vertex -8.090170e-01 -8.090170e-01 -8.090170e-01
    endloop
endfacet
facet normal -8.090170e-01, -5.000000e-01, -0.000000e+00
    outer loop
        vertex -8.090170e-01 -8.090170e-01 8.090170e-01
        vertex -8.090170e-01 -8.090170e-01 -8.090170e-01
        vertex -5.000000e-01 -1.309017e+00 0.000000e+00
    endloop
endfacet
facet normal 0.000000e+00, -8.090170e-01, -5.000000e-01
    outer loop
        vertex -5.000000e-01 -1.309017e+00 0.000000e+00
        vertex -8.090170e-01 -8.090170e-01 -8.090170e-01
        vertex 0.000000e+00 -5.000000e-01 -1.309017e+00
    endloop
endfacet
facet normal 0.000000e+00, -1.309017e+00, -8.090170e-01
    outer loop
        vertex -5.000000e-01 -1.309017e+00 0.000000e+00
        vertex 0.000000e+00 -5.000000e-01 -1.309017e+00
        vertex 8.090170e-01 -8.090170e-01 -8.090170e-01
    endloop
endfacet
facet normal 0.000000e+00, -8.090170e-01, -5.000000e-01
    outer loop
        vertex -5.000000e-01 -1.309017e+00 0.000000e+00
        vertex 8.090170e-01 -8.090170e-01 -8.090170e-01
        vertex 5.000000e-01 -1.309017e+00 0.000000e+00
    endloop
endfacet
facet normal -1.309017e+00, 8.090170e-01, 0.000000e+00
    outer loop
        vertex 5.000000e-01 -1.309017e+00 0.000000e+00
        vertex 1.309017e+00 0.000000e+00 5.000000e-01
        vertex 1.309017e+00 0.000000e+00 -5.000000e-01
    endloop
endfacet
facet normal 1.309017e+00, -8.090170e-01, 0.000000e+00
    outer loop
        vertex 5.000000e-01 -1.309017e+00 0.000000e+00
        vertex 1.309017e+00 0.000000e+00 -5.000000e-01
        vertex 1.309017e+00 0.000000e+00 5.000000e-01
    endloop
endfacet
facet normal 8.090170e-01, -5.000000e-01, -1.110223e-16
    outer loop
        vertex 5.000000e-01 -1.309017e+00 0.000000e+00
        vertex 1.309017e+00 0.000000e+00 5.000000e-01
        vertex 8.090170e-01 -8.090170e-01 8.090170e-01
    endloop
endfacet
facet normal -5.000000e-01, 0.000000e+00, -8.090170e-01
    outer loop
        vertex -8.090170e-01 -8.090170e-01 -8.090170e-01
        vertex -1.309017e+00 0.000000e+00 -5.000000e-01
        vertex -8.090170e-01 8.090170e-01 -8.090170e-01
    endloop
endfacet
facet normal -8.090170e-01, 0.000000e+00, -1.309017e+00
    outer loop
        vertex -8.090170e-01 -8.090170e-01 -8.090170e-01
        vertex -8.090170e-01 8.090170e-01 -8.090170e-01
        vertex 0.000000e+00 5.000000e-01 -1.309017e+00
    endloop
endfacet
facet normal -5.000000e-01, 0.000000e+00, -8.090170e-01
    outer loop
        vertex -8.090170e-01 -8.090170e-01 -8.090170e-01
        vertex 0.000000e+00 5.000000e-01 -1.309017e+00
        vertex 0.000000e+00 -5.000000e-01 -1.309017e+00
    endloop
endfacet
facet normal 5.000000e-01, 0.000000e+00, -8.090170e-01
    outer loop
        vertex 8.090170e-01 -8.090170e-01 -8.090170e-01
        vertex 0.000000e+00 -5.000000e-01 -1.309017e+00
        vertex 0.000000e+00 5.000000e-01 -1.309017e+00
    endloop
endfacet
facet normal 8.090170e-01, 0.000000e+00, -1.309017e+00
    outer loop
        vertex 8.090170e-01 -8.090170e-01 -8.090170e-01
        vertex 0.000000e+00 5.000000e-01 -1.309017e+00
        vertex 8.090170e-01 8.090170e-01 -8.090170e-01
    endloop
endfacet
facet normal 5.000000e-01, 0.000000e+00, -8.090170e-01
    outer loop
        vertex 8.090170e-01 -8.090170e-01 -8.090170e-01
        vertex 8.090170e-01 8.090170e-01 -8.090170e-01
        vertex 1.309017e+00 0.000000e+00 -5.000000e-01
    endloop
endfacet
facet normal 8.090170e-01, 5.000000e-01, 0.000000e+00
    outer loop
        vertex 1.309017e+00 0.000000e+00 5.000000e-01
        vertex 1.309017e+00 0.000000e+00 -5.000000e-01
        vertex 8.090170e-01 8.090170e-01 -8.090170e-01
    endloop
endfacet
facet normal 1.309017e+00, 8.090170e-01, 0.000000e+00
    outer loop
        vertex 1.309017e+00 0.000000e+00 5.000000e-01
        vertex 8.090170e-01 8.090170e-01 -8.090170e-01
        vertex 5.000000e-01 1.309017e+00 0.000000e+00
    endloop
endfacet
facet normal 8.090170e-01, 5.000000e-01, 0.000000e+00
    outer loop
        vertex 1.309017e+00 0.000000e+00 5.000000e-01
        vertex 5.000000e-01 1.309017e+00 0.000000e+00
        vertex 8.090170e-01 8.090170e-01 8.090170e-01
    endloop
endfacet
facet normal -1.110223e-16, 8.090170e-01, 5.000000e-01
    outer loop
        vertex 0.000000e+00 5.000000e-01 1.309017e+00
        vertex 8.090170e-01 8.090170e-01 8.090170e-01
        vertex 5.000000e-01 1.309017e+00 0.000000e+00
    endloop
endfacet
facet normal 0.000000e+00, 1.309017e+00, 8.090170e-01
    outer loop
        vertex 0.000000e+00 5.000000e-01 1.309017e+00
        vertex 5.000000e-01 1.309017e+00 0.000000e+00
        vertex -5.000000e-01 1.309017e+00 0.000000e+00
    endloop
endfacet
facet normal 1.110223e-16, 8.090170e-01, 5.000000e-01
    outer loop
        vertex 0.000000e+00 5.000000e-01 1.309017e+00
        vertex -5.000000e-01 1.309017e+00 0.000000e+00
        vertex -8.090170e-01 8.090170e-01 8.090170e-01
    endloop
endfacet
facet normal -8.090170e-01, 5.000000e-01, 0.000000e+00
    outer loop
        vertex -1.309017e+00 0.000000e+00 5.000000e-01
        vertex -8.090170e-01 8.090170e-01 8.090170e-01
        vertex -5.000000e-01 1.309017e+00 0.000000e+00
    endloop
endfacet
facet normal -1.309017e+00, 8.090170e-01, 0.000000e+00
    outer loop
        vertex -1.309017e+00 0.000000e+00 5.000000e-01
        vertex -5.000000e-01 1.309017e+00 0.000000e+00
        vertex -8.090170e-01 8.090170e-01 -8.090170e-01
    endloop
endfacet
facet normal -8.090170e-01, 5.000000e-01, 0.000000e+00
    outer loop
        vertex -1.309017e+00 0.000000e+00 5.000000e-01
        vertex -8.090170e-01 8.090170e-01 -8.090170e-01
        vertex -1.309017e+00 0.000000e+00 -5.000000e-01
    endloop
endfacet
facet normal 0.000000e+00, 8.090170e-01, -5.000000e-01
    outer loop
        vertex 5.000000e-01 1.309017e+00 0.000000e+00
        vertex 8.090170e-01 8.090170e-01 -8.090170e-01
        vertex 0.000000e+00 5.000000e-01 -1.309017e+00
    endloop
endfacet
facet normal 0.000000e+00, 1.309017e+00, -8.090170e-01
    outer loop
        vertex 5.000000e-01 1.309017e+00 0.000000e+00
        vertex 0.000000e+00 5.000000e-01 -1.309017e+00
        vertex -8.090170e-01 8.090170e-01 -8.090170e-01
    endloop
endfacet
facet normal 0.000000e+00, 8.090170e-01, -5.000000e-01
    outer loop
        vertex 5.000000e-01 1.309017e+00 0.000000e+00
        vertex -8.090170e-01 8.090170e-01 -8.090170e-01
        vertex -5.000000e-01 1.309017e+00 0.000000e+00
    endloop
endfacet
endsolid Dodecahedron
